0.5
0.42857142857142855
0.21428571428571427
0.42857142857142855
0.42857142857142855
0.35714285714285715
0.5357142857142857
0.42857142857142855
0.5
0.39285714285714285
0.32142857142857145
0.42857142857142855
0.25
0.5357142857142857
0.42857142857142855
0.4642857142857143
0.2857142857142857
0.5357142857142857
0.32142857142857145
0.39285714285714285
0.5714285714285714
0.35714285714285715
0.2857142857142857
0.4642857142857143
0.42857142857142855
0.5714285714285714
0.5357142857142857
0.4642857142857143
0.4642857142857143
0.4642857142857143
0.42857142857142855
0.42857142857142855
0.4642857142857143
0.5357142857142857
0.42857142857142855
0.32142857142857145
0.35714285714285715
0.42857142857142855
0.5
0.39285714285714285
0.2857142857142857
0.35714285714285715
0.42857142857142855
0.2857142857142857
0.5
0.4642857142857143
0.42857142857142855
0.39285714285714285
0.32142857142857145
0.4642857142857143
0.2857142857142857
0.5
0.2857142857142857
0.5714285714285714
0.35714285714285715
0.35714285714285715
0.35714285714285715
0.2857142857142857
0.32142857142857145
0.6071428571428571
0.21428571428571427
0.39285714285714285
0.5
0.35714285714285715
0.2857142857142857
0.5
0.5714285714285714
0.32142857142857145
0.4642857142857143
0.2857142857142857
0.39285714285714285
0.42857142857142855
0.4642857142857143
0.6071428571428571
0.5
0.39285714285714285
0.2857142857142857
0.39285714285714285
0.42857142857142855
0.32142857142857145
0.39285714285714285
0.35714285714285715
0.4642857142857143
0.4642857142857143
0.25
0.5714285714285714
0.4642857142857143
0.32142857142857145
0.5714285714285714
0.2857142857142857
0.35714285714285715
0.2857142857142857
0.5
0.42857142857142855
0.35714285714285715
0.5
0.4642857142857143
0.4642857142857143
0.21428571428571427
0.2857142857142857
avg_accuracy: 0.41035714285714275
