0.25
0.17857142857142858
0.17857142857142858
0.14285714285714285
0.17857142857142858
0.10714285714285714
0.21428571428571427
0.32142857142857145
0.17857142857142858
0.10714285714285714
0.21428571428571427
0.21428571428571427
0.25
0.17857142857142858
0.14285714285714285
0.10714285714285714
0.32142857142857145
0.25
0.10714285714285714
0.10714285714285714
0.14285714285714285
0.17857142857142858
0.21428571428571427
0.21428571428571427
0.21428571428571427
0.17857142857142858
0.14285714285714285
0.2857142857142857
0.2857142857142857
0.25
0.10714285714285714
0.17857142857142858
0.14285714285714285
0.14285714285714285
0.21428571428571427
0.14285714285714285
0.17857142857142858
0.14285714285714285
0.21428571428571427
0.14285714285714285
0.14285714285714285
0.17857142857142858
0.17857142857142858
0.14285714285714285
0.14285714285714285
0.17857142857142858
0.17857142857142858
0.25
0.10714285714285714
0.21428571428571427
0.21428571428571427
0.10714285714285714
0.25
0.14285714285714285
0.10714285714285714
0.14285714285714285
0.25
0.14285714285714285
0.17857142857142858
0.21428571428571427
0.25
0.17857142857142858
0.25
0.17857142857142858
0.17857142857142858
0.17857142857142858
0.21428571428571427
0.21428571428571427
0.14285714285714285
0.25
0.17857142857142858
0.14285714285714285
0.25
0.14285714285714285
0.17857142857142858
0.25
0.17857142857142858
0.21428571428571427
0.21428571428571427
0.25
0.21428571428571427
0.21428571428571427
0.2857142857142857
0.17857142857142858
0.17857142857142858
0.10714285714285714
0.21428571428571427
0.21428571428571427
0.21428571428571427
0.10714285714285714
0.25
0.14285714285714285
0.17857142857142858
0.10714285714285714
0.07142857142857142
0.14285714285714285
0.07142857142857142
0.21428571428571427
0.17857142857142858
0.14285714285714285
avg_accuracy: 0.18392857142857147
